21
0.210906 0.119573 6.671499 0.700192 -0.098650 -0.098650 0.700192
-0.741934 0.350760 4.566799 0.130368 0.694985 0.694985 0.130368
-0.164784 -0.835499 3.571519 0.427543 -0.563212 -0.563212 0.427543
0.963753 -0.349403 0.533564 0.437042 -0.555873 0.437042 0.555873
-0.029665 -0.016088 0.417089 -0.556822 -0.435832 -0.556822 0.435832
0.129479 0.063248 1.386628 -0.429358 0.561829 -0.561829 0.429358
0.209159 0.121347 3.457858 -0.094996 -0.700697 -0.094996 0.700697
0.432694 0.180470 5.469143 0.569948 0.418521 0.418521 0.569948
1.291136 0.087693 6.674789 -0.553943 -0.439486 -0.553943 0.439486
-0.798331 0.314483 2.535140 0.698103 -0.112484 -0.112484 0.698103
0.060079 -0.877598 7.710365 0.696803 -0.120275 0.696803 0.120275
-0.786442 0.266710 6.708816 -0.113122 -0.698000 0.698000 0.113122
-0.040806 -0.761004 5.617896 0.566238 0.423526 0.423526 0.566238
0.277865 0.276020 7.600734 0.696612 -0.121374 0.696612 0.121374
0.662466 1.318114 7.468405 -0.413937 0.573286 -0.573286 0.413937
0.405021 1.166014 3.332983 0.700311 -0.097796 0.700311 0.097796
-0.957514 0.234806 0.520585 0.568718 0.420190 -0.568718 0.420190
0.332191 1.202978 1.309263 0.426404 -0.564074 -0.564074 0.426404
0.161969 0.092496 4.540168 0.111625 0.698240 0.698240 0.111625
1.013118 -0.238720 2.512645 -0.550858 -0.443346 -0.550858 0.443346
0.518042 1.222354 5.412504 0.570416 0.417882 0.417882 0.570416
